funfa
(15133112811842310242071919477160327499864453, 64328102696411936066158845562698874365077541061152111789136241875731511497338303492941, 105011853466474590350819119908483477518958348225086813213299094935275164087174068281017)
funfa
(6735628563069904672855624269429524034044563, 55533149865522948465883897738776571755018184160801393958384009045186863666318776496827, 132191161174903608816640223315435583719077089122296396300107978201371250944215044774677)
funfa
(2035668553177609946174268294323049166745115, 1881099895527281959881342736858000412349441081698850504369127428279950025880426477351, 69900063298155911987464037851302032849216608722012968943855767629347449785273324398601)
funfa
(14939989386836855006766533435313670749859229, 991285868200750130398098135900869235514315500434393796673445348935623863741248025773, 2332495488513536904184995407135647361273597314966186083414371491566612397612286260477)
funfa
(289953556039649905945354772251828418539999, 50997356708905663540744837213084462800192900767441079484805200359011326278163677206911, 213317091283693923665658027448905348551918890391028850782155012533642911814763959278731)
funfa
(20005653888672116529045012907387126048130873, 648483030992775169320197631886543060048279138101017984051298348755317064217760823357, 29394168393186581264615604362704415287268269084797824855349047305190026700613504754189)
funfa
(7338932624106217248093585106804029277197041, 6076242121993464161273984143181733331458265981730578747968077175124855997152099840241, 154536747219928462507736237984634435979823893306866526940533148878218256755592016844529)
funfa
(9490612605494732984723797342322936838753103, 9568952094200446908572984666012240362607872214168024321330237522197856170118993655727, 24029713032183510076130335839403871063428527578143633357746297990494262390386595912649)
funfa
(14181373284398306822304552923372437273230155, 20198178998552559870511252905367121697178011712650911476172036903940155733964952346851, 84907151038582475564586305779560244634372955634441665756246626363642711828785806614833)
funfa
(19554745347857979771019882110846619266016723, 29918640812862875846168955246097319770017231879509482988912670926004703024505483692731, 195604618368684743864539622553036778739307572554594651790221768233632211958936439862991)
